username,password
ahmet,1234
ayse,abcd
mehmet,2025
